Video URL
https://www.youtube.com/watch?v=zznWKzGgN9o
https://www.youtube.com/watch?v=zzeGxgjAcX0
https://www.youtube.com/watch?v=zx-E7MNmGT4
https://www.youtube.com/watch?v=ZUEKM44zGSQ
https://www.youtube.com/watch?v=ZU-S5_9Y8Ds
https://www.youtube.com/watch?v=ZpIoGVYIUxQ
https://www.youtube.com/watch?v=Zo2fQg-H3SY
https://www.youtube.com/watch?v=zNZI1v9bPNw
https://www.youtube.com/watch?v=ZLrwujBNOz8
https://www.youtube.com/watch?v=zhOnU5l23oU
https://www.youtube.com/watch?v=zHgSltbbWGw
https://www.youtube.com/watch?v=ZFkGITV86pI
https://www.youtube.com/watch?v=zedks0CHGH4
https://www.youtube.com/watch?v=ZE2e3VVJwMw
https://www.youtube.com/watch?v=ZdvuvNGRjtk
https://www.youtube.com/watch?v=zAsHNYYdMgk
https://www.youtube.com/watch?v=ZaEAgHtYkCY
https://www.youtube.com/watch?v=z5iG73XM2GM
https://www.youtube.com/watch?v=z4ZUP9PWHSU
https://www.youtube.com/watch?v=Z04lhl7ib8g
https://www.youtube.com/watch?v=z-ol6q2O48Y
https://www.youtube.com/watch?v=yvGSFkg4J6U
https://www.youtube.com/watch?v=yVe60oPX_TA
https://www.youtube.com/watch?v=yva40Y0FixQ
https://www.youtube.com/watch?v=Yto0o4IeKR8
https://www.youtube.com/watch?v=yTJPykxzBA4
https://www.youtube.com/watch?v=YR_x0-9QOZE
https://www.youtube.com/watch?v=yNo0adFu9m0
https://www.youtube.com/watch?v=Ym3zQva5HXc
https://www.youtube.com/watch?v=YLFZQqaX0Ow
https://www.youtube.com/watch?v=YK7y27eWMYQ
https://www.youtube.com/watch?v=YJP788AB9qA
https://www.youtube.com/watch?v=yh1o09Rc8Bo
https://www.youtube.com/watch?v=YF_kC3-OLrs
https://www.youtube.com/watch?v=yEHMGakslvU
https://www.youtube.com/watch?v=YB5PcVdxx1U
https://www.youtube.com/watch?v=Y6zaWqOc000
https://www.youtube.com/watch?v=y5T1Mez8JzI
https://www.youtube.com/watch?v=Y5Ed24JiTYg
https://www.youtube.com/watch?v=Y325zuBIc-A
https://www.youtube.com/watch?v=y1hTZEJ8rYM
https://www.youtube.com/watch?v=Y0ikFYfDWjY
https://www.youtube.com/watch?v=y__3JdLf5Zc
https://www.youtube.com/watch?v=XZns4V_h8mM
https://www.youtube.com/watch?v=xvVSGAE-uB0
https://www.youtube.com/watch?v=XvMB5OkRtmc
https://www.youtube.com/watch?v=XVEnqNPyWBk
https://www.youtube.com/watch?v=XUnkSkA7tuw
https://www.youtube.com/watch?v=xTUVtj-cFr8
https://www.youtube.com/watch?v=XrvoXLRAvnw
https://www.youtube.com/watch?v=xqZQAVHH0vA
https://www.youtube.com/watch?v=Xpa-H6QQNLI
https://www.youtube.com/watch?v=XOIy9lQXkAA
https://www.youtube.com/watch?v=xNXfzQR1D6s
https://www.youtube.com/watch?v=xnMYVjJ5WuA
https://www.youtube.com/watch?v=xmBaG0E6R9A
https://www.youtube.com/watch?v=xLxFrCbdZTo
https://www.youtube.com/watch?v=XG3506g6gCc
https://www.youtube.com/watch?v=xg_Zr06LsuI
https://www.youtube.com/watch?v=XeZ2jxbKUZs
https://www.youtube.com/watch?v=xBdxqrUuIBU
https://www.youtube.com/watch?v=XB_e0vG5NsQ
https://www.youtube.com/watch?v=X1Wz9i4vkZY
https://www.youtube.com/watch?v=x1wf_0lWK1A
https://www.youtube.com/watch?v=x04jrUY5lyU
https://www.youtube.com/watch?v=Wx6vzNaJyRM
https://www.youtube.com/watch?v=WvZX6ouZvLo
https://www.youtube.com/watch?v=WtbLAjvurqg
https://www.youtube.com/watch?v=wRTlpTUrKGo
https://www.youtube.com/watch?v=WRss6vwtp4o
https://www.youtube.com/watch?v=WQj29kc8ssE
https://www.youtube.com/watch?v=wpa4Uow34_E
https://www.youtube.com/watch?v=WOPCesRV03A
https://www.youtube.com/watch?v=WnBNzWChiq0
https://www.youtube.com/watch?v=wlWkVhnsr_w
https://www.youtube.com/watch?v=WjISf8nY63E
https://www.youtube.com/watch?v=wfLtBci-7Q8
https://www.youtube.com/watch?v=We2055FeqjA
https://www.youtube.com/watch?v=w6GdWTfx_Ds
https://www.youtube.com/watch?v=w1E6s2S9pVM
https://www.youtube.com/watch?v=W-1qUpGXR-U
https://www.youtube.com/watch?v=W_7QzD_97Q4
https://www.youtube.com/watch?v=vWThHwysFqM
https://www.youtube.com/watch?v=VVnOtXYHEn4
https://www.youtube.com/watch?v=Vr8Ji3Cn4hQ
https://www.youtube.com/watch?v=vl_kzVnIg90
https://www.youtube.com/watch?v=VKxmCjaGW4s
https://www.youtube.com/watch?v=vIEeIUAeKXY
https://www.youtube.com/watch?v=vgXUZ718FPg
https://www.youtube.com/watch?v=vFIVEygqW5s
https://www.youtube.com/watch?v=Ve1cwd9PXZY
https://www.youtube.com/watch?v=VC4pK0g4Bcg
https://www.youtube.com/watch?v=v8el_pK4MDI
https://www.youtube.com/watch?v=V5NlrHcSQ5k
https://www.youtube.com/watch?v=UZHKS2NCfEU
https://www.youtube.com/watch?v=uyBcoFd-feA
https://www.youtube.com/watch?v=UYaJbEy0_Jw
https://www.youtube.com/watch?v=UT84Eflquos
https://www.youtube.com/watch?v=UnDJMjGM0gU
https://www.youtube.com/watch?v=UlyT12387xg
https://www.youtube.com/watch?v=ULacDsXFxGo
https://www.youtube.com/watch?v=ukAS73_O9uY
https://www.youtube.com/watch?v=uJmTg9fDCV8
https://www.youtube.com/watch?v=uizyXioorEo
https://www.youtube.com/watch?v=uGrH01tcH2g
https://www.youtube.com/watch?v=UGGD2baukf4
https://www.youtube.com/watch?v=UDSEZfAq9KM
https://www.youtube.com/watch?v=UatsJTNA_GE
https://www.youtube.com/watch?v=UaHOaq6SSp8
https://www.youtube.com/watch?v=u9DSWbcgWsA
https://www.youtube.com/watch?v=u4zfmRUxfiM
https://www.youtube.com/watch?v=tZcrvXuDY9E
https://www.youtube.com/watch?v=tVE9k7-n6J0
https://www.youtube.com/watch?v=Tv0sQU48xXA
https://www.youtube.com/watch?v=TUgpRuZXekA
https://www.youtube.com/watch?v=TSjCan1B1GE
https://www.youtube.com/watch?v=TR1Prgn-RcY
https://www.youtube.com/watch?v=toZOk4svbU0
https://www.youtube.com/watch?v=tI7QhLEOMA8
https://www.youtube.com/watch?v=tE87wvOoVPA
https://www.youtube.com/watch?v=TdvhFsxH8Dc
https://www.youtube.com/watch?v=TDNCkjmg_c0
https://www.youtube.com/watch?v=tC9XkD-3h3U
https://www.youtube.com/watch?v=t9FSfCoCqzY
https://www.youtube.com/watch?v=t6RoME9ywAs
https://www.youtube.com/watch?v=t6KjcJ8Nq-I
https://www.youtube.com/watch?v=SYtAy0UAopk
https://www.youtube.com/watch?v=SxiF2S3pyL0
https://www.youtube.com/watch?v=sxDSzzLfaiw
https://www.youtube.com/watch?v=sWMs-c4jTCU
https://www.youtube.com/watch?v=SV5zTv7vI0s
https://www.youtube.com/watch?v=suz5Y7dYsvI
https://www.youtube.com/watch?v=SuXzfsiFJqw
https://www.youtube.com/watch?v=stX0VSMduJM
https://www.youtube.com/watch?v=sS0fxHWivFs
https://www.youtube.com/watch?v=sRmkjb5WQ2w
https://www.youtube.com/watch?v=SmTo4vbiVvo
https://www.youtube.com/watch?v=SmACILiSX_k
https://www.youtube.com/watch?v=slW5qLoPtFI
https://www.youtube.com/watch?v=sLLE6H5C-uM
https://www.youtube.com/watch?v=slc7sRUzMbQ
https://www.youtube.com/watch?v=SjED0SFNPOw
https://www.youtube.com/watch?v=SIHqGZeo4BI
https://www.youtube.com/watch?v=SCe1AkN1Wts
https://www.youtube.com/watch?v=sc7Q8bpM0Xo
https://www.youtube.com/watch?v=S1srampxOP0
https://www.youtube.com/watch?v=s09gchFjzaU
https://www.youtube.com/watch?v=s_Nz7ESErvQ
https://www.youtube.com/watch?v=RYmti9wStZo
https://www.youtube.com/watch?v=Rxr6TeITedo
https://www.youtube.com/watch?v=RXMJXgbb238
https://www.youtube.com/watch?v=RwWRmN3Jr74
https://www.youtube.com/watch?v=RV0WCWUYzDc
https://www.youtube.com/watch?v=rth_FbOeejY
https://www.youtube.com/watch?v=rpjNtTtxrlQ
https://www.youtube.com/watch?v=RkkmJGD1baI
https://www.youtube.com/watch?v=rIo2tpFy0wA
https://www.youtube.com/watch?v=reWmypNmCG4
https://www.youtube.com/watch?v=RaWCE3yq2pU
https://www.youtube.com/watch?v=ragThAgds_o
https://www.youtube.com/watch?v=R6gLjioZQwg
https://www.youtube.com/watch?v=R58jFs4Ns10
https://www.youtube.com/watch?v=r0uYtElkc-c
https://www.youtube.com/watch?v=R-SFeFFshS8
https://www.youtube.com/watch?v=QXnh7tiROHY
https://www.youtube.com/watch?v=qVDtpD55oRg
https://www.youtube.com/watch?v=qtxRMgGRZVA
https://www.youtube.com/watch?v=qQyaigdpb4o
https://www.youtube.com/watch?v=qpjT0ThD8gA
https://www.youtube.com/watch?v=Qnk09dwYVLU
https://www.youtube.com/watch?v=Qm1zagftEIA
https://www.youtube.com/watch?v=QKgoOBxzIZ0
https://www.youtube.com/watch?v=qJqMnazW6yQ
https://www.youtube.com/watch?v=QIKeCQVsJwk
https://www.youtube.com/watch?v=QhHJuRucl0w
https://www.youtube.com/watch?v=qFRaqqxPmfQ
https://www.youtube.com/watch?v=QFb8My6aIKM
https://www.youtube.com/watch?v=qAQUVh8KFSY
https://www.youtube.com/watch?v=q9l4T2zuhdM
https://www.youtube.com/watch?v=Q6s_nw6GOOU
https://www.youtube.com/watch?v=q6r4lEmC_Ss
https://www.youtube.com/watch?v=Q4yDOntWd0E
https://www.youtube.com/watch?v=Q4GqaJqRwM0
https://www.youtube.com/watch?v=q2-mYaPfWgg
https://www.youtube.com/watch?v=q17jgwFApUg
https://www.youtube.com/watch?v=Pzoxe9PpSbI
https://www.youtube.com/watch?v=PXpj0MncoY0
https://www.youtube.com/watch?v=PwOMW5f-CNg
https://www.youtube.com/watch?v=PvMN7D8K8UI
https://www.youtube.com/watch?v=pt0iYgoNCUA
https://www.youtube.com/watch?v=psBwSjVjPCM
https://www.youtube.com/watch?v=prOoRJBJ4dU
https://www.youtube.com/watch?v=pR4Q2TIzS2I
https://www.youtube.com/watch?v=PpI57qFiB3w
https://www.youtube.com/watch?v=ppG3OIYC9Jo
https://www.youtube.com/watch?v=pOBc_cLotQo
https://www.youtube.com/watch?v=pM0uf3YvyI4
https://www.youtube.com/watch?v=PKlu3nxpSO8
https://www.youtube.com/watch?v=pK6Fpjdp7S0
https://www.youtube.com/watch?v=pIsRKWbND7c
https://www.youtube.com/watch?v=pihP1Lp13Y4
https://www.youtube.com/watch?v=PfqMg0JnfNQ
https://www.youtube.com/watch?v=pDhVRW0kdZk
https://www.youtube.com/watch?v=pCQhPjcAFp4
https://www.youtube.com/watch?v=Pcgv1zfIgW4
https://www.youtube.com/watch?v=p7wIqNL-vss
https://www.youtube.com/watch?v=P3lRkhXyqhg
https://www.youtube.com/watch?v=P2P0IOTdji4
https://www.youtube.com/watch?v=p21X4h76I8E
https://www.youtube.com/watch?v=p-Xvo4UrQyg
https://www.youtube.com/watch?v=p-Jv6CoYSC8
https://www.youtube.com/watch?v=P-CUaIe0JQ4
https://www.youtube.com/watch?v=p_OMR2N1neg
https://www.youtube.com/watch?v=OX8cDHoKgr8
https://www.youtube.com/watch?v=oX-qyOn0qMs
https://www.youtube.com/watch?v=OWxrJm6clfY
https://www.youtube.com/watch?v=OvuYsQ04G9g
https://www.youtube.com/watch?v=OTeUZXRCS4M
https://www.youtube.com/watch?v=Ot3aqEROwbs